- child_frame_id: wx250/base_link
  frame_id: camera_color_optical_frame
  qw: 0.7090452602605044
  qx: -0.017827167259776202
  qy: -0.02228725623800998
  qz: 0.7045851894689433
  x: -0.2215784165684581
  y: 0.0012196607511551771
  z: -0.2403212982208617
- child_frame_id: wx200/base_link
  frame_id: camera_color_optical_frame
  qw: 0.20991124356458638
  qx: 0.6945744045751108
  qy: -0.6638564807856151
  qz: 0.18110284164870832
  x: -0.1074847461063012
  y: 0.08585149511344878
  z: 0.4020461676825503
- child_frame_id: wx250s/base_link
  frame_id: camera_color_optical_frame
  qw: -0.1632331634252081
  qx: -0.6905331930767687
  qy: 0.6761138204117536
  qz: -0.19846648448950857
  x: -0.16934080338117993
  y: 0.07356670543434704
  z: 0.4872874629771685
